# name: data
# type: matrix
# rows: 200
# columns: 3
1.7522 0.4182 1
-0.3244 0.2892 1
-1.0061 0.7830 1
0.4062 -0.2805 1
1.5522 0.4620 1
0.8754 0.0838 1
-0.9643 -0.0950 1
-0.2724 -0.1711 1
-1.0777 0.2122 1
1.3209 0.3847 1
-2.6577 0.0729 1
-0.6271 -0.3391 1
-1.1971 -0.1166 1
0.5216 -0.0253 1
1.4615 0.1382 1
-0.7665 0.2914 1
-0.4217 -0.4350 1
0.7757 -0.3202 1
-1.6645 0.0611 1
-3.5351 -0.5475 1
0.0503 0.1943 1
-1.1133 0.0886 1
1.8039 -0.0958 1
0.8908 -0.2827 1
1.3867 -0.0082 1
0.6376 -0.0907 1
0.2146 0.0064 1
-0.3639 -0.5382 1
1.2502 -0.3178 1
-0.0802 0.1624 1
-0.1997 -0.0597 1
-1.4282 0.2978 1
0.6329 0.1559 1
-0.3295 -0.4015 1
-0.5201 -0.5187 1
0.3425 0.5227 1
-1.2044 -0.1274 1
1.4820 -0.0138 1
1.9224 -0.3843 1
-2.0399 -0.0411 1
-0.9006 -0.3636 1
2.4694 -0.0826 1
-0.3464 -0.2178 1
-0.2573 -0.1489 1
-0.8999 -0.1417 1
2.0431 0.4772 1
0.5197 -0.0225 1
1.4645 -0.0237 1
2.9962 -0.7815 1
-1.5344 0.2795 1
-1.2400 0.4794 1
1.1784 0.2147 1
0.0717 0.3033 1
-0.2962 -0.4219 1
0.4272 0.2789 1
1.1154 -0.0923 1
-0.2864 0.1768 1
-0.1835 -0.0026 1
0.0806 -0.0369 1
-0.6035 0.1010 1
-0.5756 0.3624 1
-0.0842 -0.4168 1
-2.3829 0.1725 1
-1.6154 0.0104 1
1.9900 0.1046 1
-0.7750 0.0902 1
-0.3691 0.2943 1
0.0555 0.6055 1
0.9592 -0.5284 1
0.9855 0.6211 1
-2.3096 0.2994 1
0.5803 -0.0681 1
2.0733 -0.0589 1
-0.9342 0.0236 1
-0.2731 -0.2315 1
0.7714 -0.1626 1
-0.4118 0.1823 1
0.1827 0.2508 1
1.0878 0.0982 1
2.8319 -0.2897 1
1.2169 0.5430 1
0.3703 -0.0610 1
1.0024 -0.2219 1
-1.2254 -0.0348 1
0.0357 0.1139 1
-2.4137 0.1791 1
0.1677 0.4327 1
-1.4709 0.1843 1
-0.5476 -0.5121 1
-1.0858 0.1929 1
3.3805 -0.2669 1
0.7844 -0.3542 1
-0.8347 -0.1098 1
-1.5873 0.1214 1
0.6090 -0.6849 1
4.2082 -0.1766 1
2.1047 -0.0634 1
-1.7756 -0.1952 1
1.8206 -0.0577 1
1.2390 -0.3288 1
2.1767 0.9545 2
2.0508 0.2482 2
1.9058 -1.2218 2
2.4651 -2.4051 2
2.0270 -0.5137 2
1.5418 -0.8641 2
2.1370 -2.3347 2
1.7944 -0.7196 2
2.3324 0.8619 2
1.6349 -1.8084 2
2.1531 1.2954 2
1.9521 0.3933 2
1.7770 -0.7043 2
2.4574 -1.3516 2
1.9104 -2.4477 2
1.7861 0.7193 2
1.6681 -1.3225 2
2.2620 -0.4135 2
1.8765 -0.8949 2
2.5123 0.6207 2
1.8233 0.3453 2
2.1679 1.2302 2
1.7450 0.1775 2
2.4345 2.0932 2
2.1376 -0.9069 2
1.5042 -0.7394 2
1.5627 1.2827 2
2.2644 -0.2578 2
2.5320 -0.7329 2
2.4784 2.2584 2
1.9313 -2.7804 2
1.4150 2.4162 2
1.8303 -0.1658 2
1.8028 -0.9160 2
2.3007 -1.3310 2
2.0971 0.7005 2
1.3616 0.2700 2
2.1932 -0.0928 2
1.9967 -0.1825 2
2.1549 -0.9618 2
2.1236 0.0180 2
2.6333 -2.5956 2
1.7886 0.8044 2
1.8494 -0.1762 2
1.6742 1.0202 2
2.1799 0.3539 2
1.9188 0.7280 2
1.9902 0.4690 2
2.7986 0.2557 2
2.2842 0.4714 2
1.9545 -0.8572 2
2.6906 -0.0772 2
1.9905 -0.1324 2
2.1049 -1.6157 2
2.6667 1.5630 2
1.7760 -1.4647 2
2.0464 -0.6582 2
2.2570 -0.6832 2
1.8517 -0.6756 2
1.5852 -0.1766 2
1.4883 1.3283 2
1.4525 -0.2409 2
1.7604 1.0115 2
2.1709 2.0519 2
1.9747 -0.7565 2
2.2589 -1.9574 2
1.7383 0.1714 2
1.6111 -1.0293 2
1.6671 1.1683 2
1.9634 -2.4560 2
2.1633 -1.3918 2
2.5629 3.1624 2
1.8019 0.8800 2
2.2339 -0.5834 2
2.5760 -1.8409 2
2.0870 -1.1643 2
2.1409 0.3393 2
1.8857 0.4973 2
1.7244 -0.1388 2
1.3885 -0.9391 2
2.7942 0.1574 2
1.5827 -1.3744 2
2.3531 1.0680 2
1.7419 -1.6936 2
2.0502 0.5455 2
2.4529 0.5049 2
1.9245 -0.6541 2
1.4927 -1.0727 2
2.1476 -0.2012 2
1.8497 2.5336 2
1.5148 0.3088 2
1.6302 -0.7428 2
2.6727 -0.3960 2
1.9585 -0.2091 2
2.8058 1.7981 2
2.1998 -1.1254 2
2.3295 -0.5975 2
2.3914 1.6260 2
2.2207 0.1227 2
1.7561 -1.6267 2
